[[2047 2047 2047 ..., 2047 2047 2047]
 [2047 2047 2047 ..., 2047 2047 2047]
 [2047 2047 2047 ..., 2047 2047 2047]
 ..., 
 [2047 2047 2047 ..., 2047 2047 2047]
 [2047 2047 2047 ..., 2047 2047 2047]
 [2047 2047 2047 ..., 2047 2047 2047]] 
 $$$ 
[[[ 37  39  31]
  [ 37  33  31]
  [ 31  37  31]
  ..., 
  [112 108 108]
  [111 107  97]
  [110 106  97]]

 [[ 33  30  31]
  [ 33  29  31]
  [ 31  31  31]
  ..., 
  [113 107 108]
  [113 106  97]
  [114 105  97]]

 [[ 30  26  25]
  [ 30  26  26]
  [ 31  25  28]
  ..., 
  [114 107 105]
  [116 107 100]
  [118 106 100]]

 ..., 
 [[ 17  11  13]
  [ 17   9  13]
  [ 15  10  14]
  ..., 
  [ 34  31  24]
  [ 32  25  21]
  [ 31  20  21]]

 [[ 13   9   9]
  [ 13   6   8]
  [ 10   5   8]
  ..., 
  [ 43  40  30]
  [ 42  40  20]
  [ 41  36  20]]

 [[ 13   6   6]
  [ 13   4   4]
  [ 10   4   3]
  ..., 
  [ 43  45  36]
  [ 42  42  20]
  [ 41  45  20]]]
 !!! 
[[2047 2047 2047 ..., 2047 2047 2047]
 [2047 2047 2047 ..., 2047 2047 2047]
 [2047 2047 2047 ..., 2047 2047 2047]
 ..., 
 [2047 2047 2047 ..., 2047 2047 2047]
 [2047 2047 2047 ..., 2047 2047 2047]
 [2047 2047 2047 ..., 2047 2047 2047]] 
 $$$ 
[[[ 30  25  19]
  [ 30  24  22]
  [ 32  26  25]
  ..., 
  [112 105 101]
  [110 104  99]
  [109 105  99]]

 [[ 32  24  19]
  [ 32  24  22]
  [ 32  24  25]
  ..., 
  [112 106 101]
  [111 105  99]
  [110 106  99]]

 [[ 35  26  14]
  [ 35  24  18]
  [ 33  22  23]
  ..., 
  [112 108 103]
  [111 107  94]
  [111 106  94]]

 ..., 
 [[ 16  13  13]
  [ 16  11  11]
  [ 13   9   9]
  ..., 
  [ 35  32  18]
  [ 31  29  12]
  [ 27  29  12]]

 [[ 11   9  10]
  [ 11   7   8]
  [ 10   5   6]
  ..., 
  [ 44  40  33]
  [ 39  38  28]
  [ 35  35  28]]

 [[ 11   6   8]
  [ 11   4   6]
  [ 10   4   4]
  ..., 
  [ 44  46  49]
  [ 39  39  45]
  [ 35  36  45]]]
 !!! 
[[2047 2047 2047 ..., 2047 2047 2047]
 [2047 2047 2047 ..., 2047 2047 2047]
 [2047 2047 2047 ..., 2047 2047 2047]
 ..., 
 [2047 2047 2047 ..., 2047 2047 2047]
 [2047 2047 2047 ..., 2047 2047 2047]
 [2047 2047 2047 ..., 2047 2047 2047]] 
 $$$ 
[[[ 39  33  14]
  [ 39  35  24]
  [ 41  40  34]
  ..., 
  [118 105  94]
  [115 105  98]
  [112 105  98]]

 [[ 39  33  14]
  [ 39  34  24]
  [ 41  36  34]
  ..., 
  [116 105  94]
  [114 105  98]
  [112 106  98]]

 [[ 39  31  20]
  [ 39  31  27]
  [ 40  32  34]
  ..., 
  [115 106  93]
  [114 107  96]
  [113 106  96]]

 ..., 
 [[ 14  11   9]
  [ 14   9  10]
  [ 12  10  12]
  ..., 
  [ 31  34  19]
  [ 29  30  17]
  [ 28  30  17]]

 [[  8  10   6]
  [  8   7   6]
  [  7   7   7]
  ..., 
  [ 41  41  29]
  [ 40  41  28]
  [ 39  38  28]]

 [[  8   7   4]
  [  8   5   3]
  [  7   5   2]
  ..., 
  [ 41  47  40]
  [ 40  42  40]
  [ 39  41  40]]]
 !!! 
[[2047 2047 2047 ..., 2047 2047 2047]
 [2047 2047 2047 ..., 2047 2047 2047]
 [2047 2047 2047 ..., 2047 2047 2047]
 ..., 
 [2047 2047 2047 ..., 2047 2047 2047]
 [2047 2047 2047 ..., 2047 2047 2047]
 [2047 2047 2047 ..., 2047 2047 2047]] 
 $$$ 
[[[ 49  47  36]
  [ 49  47  40]
  [ 51  53  45]
  ..., 
  [114 107  96]
  [112 106  98]
  [110 106  98]]

 [[ 47  45  36]
  [ 47  45  40]
  [ 49  46  45]
  ..., 
  [114 108  96]
  [113 106  98]
  [112 107  98]]

 [[ 45  44  33]
  [ 45  44  40]
  [ 48  44  47]
  ..., 
  [114 108  99]
  [114 107 101]
  [114 107 101]]

 ..., 
 [[ 16  11  14]
  [ 16   9   9]
  [ 14   7   4]
  ..., 
  [ 35  29  28]
  [ 33  26  26]
  [ 32  21  26]]

 [[  9  10   9]
  [  9   6   7]
  [  8   4   6]
  ..., 
  [ 45  38  28]
  [ 42  37  27]
  [ 39  34  27]]

 [[  9   7   5]
  [  9   4   6]
  [  8   4   8]
  ..., 
  [ 45  45  28]
  [ 42  40  28]
  [ 39  43  28]]]
 !!! 
[[2047 2047 2047 ..., 2047 2047 2047]
 [2047 2047 2047 ..., 2047 2047 2047]
 [2047 2047 2047 ..., 2047 2047 2047]
 ..., 
 [2047 2047 2047 ..., 2047 2047 2047]
 [2047 2047 2047 ..., 2047 2047 2047]
 [2047 2047 2047 ..., 2047 2047 2047]] 
 $$$ 
[[[ 58  56  54]
  [ 58  54  53]
  [ 59  58  53]
  ..., 
  [111 110 105]
  [109 109 104]
  [108 108 104]]

 [[ 55  53  54]
  [ 55  52  53]
  [ 57  52  53]
  ..., 
  [110 109 105]
  [109 108 104]
  [109 108 104]]

 [[ 52  52  46]
  [ 52  51  47]
  [ 55  51  49]
  ..., 
  [110 108 106]
  [110 108 106]
  [111 107 106]]

 ..., 
 [[ 17  13  19]
  [ 17  11  14]
  [ 14  10  10]
  ..., 
  [ 35  34  23]
  [ 34  27  21]
  [ 34  22  21]]

 [[  9   7  12]
  [  9   5  11]
  [  8   4  10]
  ..., 
  [ 45  39  32]
  [ 43  39  31]
  [ 42  36  31]]

 [[  9   4   5]
  [  9   2   8]
  [  8   3  11]
  ..., 
  [ 45  45  41]
  [ 43  41  42]
  [ 42  44  42]]]
 !!! 
[[2047 2047 2047 ..., 2047 2047 2047]
 [2047 2047 2047 ..., 2047 2047 2047]
 [2047 2047 2047 ..., 2047 2047 2047]
 ..., 
 [2047 2047 2047 ..., 2047 2047 2047]
 [2047 2047 2047 ..., 2047 2047 2047]
 [2047 2047 2047 ..., 2047 2047 2047]] 
 $$$ 
[[[ 60  58  53]
  [ 60  55  59]
  [ 61  58  66]
  ..., 
  [116 109  98]
  [116 107  99]
  [116 105  99]]

 [[ 57  53  53]
  [ 57  53  59]
  [ 58  55  66]
  ..., 
  [115 110  98]
  [114 107  99]
  [113 104  99]]

 [[ 54  50  49]
  [ 54  52  53]
  [ 55  54  58]
  ..., 
  [114 109  98]
  [112 109  97]
  [110 107  97]]

 ..., 
 [[ 15  13  13]
  [ 15  11  13]
  [ 13  10  14]
  ..., 
  [ 33  37  18]
  [ 31  32  12]
  [ 30  30  12]]

 [[  9  10   9]
  [  9   7   9]
  [  7   7   9]
  ..., 
  [ 44  42  28]
  [ 42  42  25]
  [ 40  39  25]]

 [[  9   7   5]
  [  9   4   5]
  [  7   5   5]
  ..., 
  [ 44  47  40]
  [ 42  43  39]
  [ 40  44  39]]]
 !!! 
[[2047 2047 2047 ..., 2047 2047 2047]
 [2047 2047 2047 ..., 2047 2047 2047]
 [2047 2047 2047 ..., 2047 2047 2047]
 ..., 
 [2047 2047 2047 ..., 2047 2047 2047]
 [2047 2047 2047 ..., 2047 2047 2047]
 [2047 2047 2047 ..., 2047 2047 2047]] 
 $$$ 
[[[ 68  64  50]
  [ 68  65  54]
  [ 71  68  59]
  ..., 
  [111 108  88]
  [111 107  77]
  [111 108  77]]

 [[ 68  64  50]
  [ 68  64  54]
  [ 70  67  59]
  ..., 
  [112 110  88]
  [112 108  77]
  [112 109  77]]

 [[ 68  64  46]
  [ 68  64  50]
  [ 69  68  55]
  ..., 
  [114 110  98]
  [113 110  85]
  [113 108  85]]

 ..., 
 [[ 13  13  12]
  [ 13  11  12]
  [ 11   8  12]
  ..., 
  [ 34  34  30]
  [ 31  28  27]
  [ 29  23  27]]

 [[  9  10   7]
  [  9   6   7]
  [  7   3   8]
  ..., 
  [ 45  40  32]
  [ 42  40  32]
  [ 39  37  32]]

 [[  9   6   2]
  [  9   3   3]
  [  7   2   5]
  ..., 
  [ 45  47  34]
  [ 42  43  38]
  [ 39  45  38]]]
 !!! 
[[2047 2047 2047 ..., 2047 2047 2047]
 [2047 2047 2047 ..., 2047 2047 2047]
 [2047 2047 2047 ..., 2047 2047 2047]
 ..., 
 [2047 2047 2047 ..., 2047 2047 2047]
 [2047 2047 2047 ..., 2047 2047 2047]
 [2047 2047 2047 ..., 2047 2047 2047]] 
 $$$ 
[[[ 77  76  61]
  [ 77  74  66]
  [ 80  82  71]
  ..., 
  [114 106  99]
  [114 105  97]
  [114 105  97]]

 [[ 75  70  61]
  [ 75  70  66]
  [ 75  73  71]
  ..., 
  [116 106  99]
  [115 105  97]
  [114 106  97]]

 [[ 73  66  62]
  [ 73  66  64]
  [ 71  66  67]
  ..., 
  [119 106 103]
  [116 105  98]
  [114 106  98]]

 ..., 
 [[ 17  10   6]
  [ 17   9   6]
  [ 14   8   7]
  ..., 
  [ 36  34  17]
  [ 31  28  16]
  [ 27  28  16]]

 [[ 12   8   5]
  [ 12   6   4]
  [  9   4   4]
  ..., 
  [ 45  40  28]
  [ 40  39  24]
  [ 35  36  24]]

 [[ 12   5   4]
  [ 12   3   3]
  [  9   3   2]
  ..., 
  [ 45  44  39]
  [ 40  40  32]
  [ 35  41  32]]]
 !!! 
[[2047 2047 2047 ..., 2047 2047 2047]
 [2047 2047 2047 ..., 2047 2047 2047]
 [2047 2047 2047 ..., 2047 2047 2047]
 ..., 
 [2047 2047 2047 ..., 2047 2047 2047]
 [2047 2047 2047 ..., 2047 2047 2047]
 [2047 2047 2047 ..., 2047 2047 2047]] 
 $$$ 
[[[ 79  82  55]
  [ 79  82  46]
  [ 74  83  38]
  ..., 
  [116 108 104]
  [111 106  98]
  [106 107  98]]

 [[ 75  79  55]
  [ 75  83  46]
  [ 70  72  38]
  ..., 
  [115 109 104]
  [112 108  98]
  [109 109  98]]

 [[ 71  71  54]
  [ 71  67  49]
  [ 67  60  45]
  ..., 
  [115 109  98]
  [113 110  93]
  [112 108  93]]

 ..., 
 [[ 18  11  12]
  [ 18  10  11]
  [ 15  10  10]
  ..., 
  [ 34  35  16]
  [ 33  30  19]
  [ 32  30  19]]

 [[ 11   9   9]
  [ 11   7   8]
  [ 10   5   7]
  ..., 
  [ 46  41  30]
  [ 43  43  31]
  [ 41  39  31]]

 [[ 11   6   6]
  [ 11   4   5]
  [ 10   4   4]
  ..., 
  [ 46  42  44]
  [ 43  42  44]
  [ 41  43  44]]]
 !!! 
[[2047 2047 2047 ..., 2047 2047 2047]
 [2047 2047 2047 ..., 2047 2047 2047]
 [2047 2047 2047 ..., 2047 2047 2047]
 ..., 
 [2047 2047 2047 ..., 2047 2047 2047]
 [2047 2047 2047 ..., 2047 2047 2047]
 [2047 2047 2047 ..., 2047 2047 2047]] 
 $$$ 
[[[ 69  73  50]
  [ 69  61  50]
  [ 61  54  50]
  ..., 
  [107 106 103]
  [109 106 102]
  [112 106 102]]

 [[ 66  62  50]
  [ 66  59  50]
  [ 61  54  50]
  ..., 
  [110 106 103]
  [111 106 102]
  [113 106 102]]

 [[ 64  60  51]
  [ 64  57  49]
  [ 62  55  47]
  ..., 
  [114 107 102]
  [114 106  99]
  [115 105  99]]

 ..., 
 [[ 15  13  14]
  [ 15  11  13]
  [ 12   8  13]
  ..., 
  [ 34  38  22]
  [ 32  33  17]
  [ 30  30  17]]

 [[  9   9  10]
  [  9   7   8]
  [  8   5   7]
  ..., 
  [ 47  44  37]
  [ 42  43  24]
  [ 38  40  24]]

 [[  9   6   6]
  [  9   4   4]
  [  8   4   2]
  ..., 
  [ 47  50  52]
  [ 42  45  31]
  [ 38  46  31]]]
 !!! 
